-1 -1 -1 -1 -1 -1 -1 -1 -1
-1 -1 -1 -1 -1 10 20 20 -1
-1 -1 -1  8 18 20 12 10 20
 2 14  8 20 20 18 14 10 20
16  8  4 14 16 16 10 10 20
16  6  6 14 16 14  8 10 20
18  6  4 14 18 12  8 12 20
20 10  6 14 16  8 10 12 20
-1  8  8 20 18  8 14 10 20
-1 -1 -1 20 20  4 14 14 20
-1 -1 -1 -1 -1 -1 20 20 -1

-1 -1 -1 -1 -1 -1 -1 -1 -1
-1 -1 -1 -1 -1 -1 -1 -1 -1
-1  4 18 20  8 10  6 -1 -1
 0 16 20 20  8 14  6  4 -1
 8 16 20 12  6 16  4  2 -1
 8 20 20  8  6 18  2  4  0
 2 14 18  2  0 16  0  4  0
 0 14 20  2  0 18  0  0  0
-1  0  6  0  0 18  0  4  0
-1 -1 -1 -1 -1  6 12  4  0
-1 -1 -1 -1 -1 18 16  2  0

-1 -1 -1 -1 -1 -1 -1 -1 -1
-1 -1 -1 -1 -1 -1 -1 -1 -1
-1 -1  0  0  6 12  6 -1 -1
20  0  2  0 12 12 20  6 -1
18 14  8  8 10 10 20  6 10
20  8  2  0  6  8 16  6  8
14  6  4  0  4  2 10  6  8
16  6  4  2  4  2  6  4  4
20  4  6  8  2  6  4  4  6
-1 -1 -1 -1  4  4  4  8  4
-1 -1 -1 -1 -1  8  2  6  4

-1 -1 -1 -1 -1 -1  0  0 -1
-1 -1 -1 -1 -1 20  8 20 20
-1 -1 -1 20 20 12  2 20 20
-1 20 20 20 18  8 10 16 20
12 18 10 20 18  6 12 16 20
12 20 10 20 20  6 16 16 20
10 16 10 14 18  4 18 18 20
20 20 12 14 16  2 20 20 20
20 18 12 10 20  2 16 18 20
-1 -1  0  0 18  0  6 18 -1
-1 -1 -1 -1 -1 -1 -1 -1 -1

-1 -1 -1 -1 -1 -1 -1 -1 -1
-1 -1 -1 -1 -1 -1 -1  2  0
-1 -1 -1 -1 -1  0  4  4  0
-1  0  4  0  0  0  0  2  0
 0 10 18 18 10 12 14  0 10
10  6 16 16  8 12 14 10  2
 8 14 20 20 20 12 10 12  0
 4  8 18  8  8  8  8 12 -1
 0 12 20  6  4  8  8 10 -1
-1 20 18  4  0  6  6 -1 -1
-1 -1 -1 -1 -1 -1 -1 -1 -1